# Created by Octave 3.8.0, Sat Oct 29 21:10:47 2016 EDT <owen@Owens-MacBook-Pro.local>
# name: all_theta
# type: matrix
# rows: 10
# columns: 401
 -3.274930258496823 0 0 8.931397239948839e-05 -0.0008253374323752738 -0.0008993402116483365 0.001467388927503688 -0.01798742559434621 -0.00130055874629006 0.0005768418861892194 0.0004708155163963281 6.761496046855642e-05 0.0004166208597329169 0.00186170488172526 0.001570226742544816 0.00419587701665011 0.005512638528293039 0.0004646934155662472 -7.868176808140435e-05 -8.792662285009216e-08 0 -1.589506774232419e-08 9.363047199209864e-06 -0.001131345017099101 0.009399850283506709 0.01077430573013569 0.002054212115187179 -0.02413187160317036 -0.0002175805707326776 0.0008423558926739037 -0.009214907431562388 -0.001145692780307173 -0.004652622414539482 -0.02035948393339714 -0.01170940782237414 -0.0376157265362561 -0.05151776355232819 0.006390433069601483 0.009832636149872299 0.0003111735486459198 0.0001693854537525139 1.285816200477073e-07 -0.0002892440741196017 0.0002982734074923894 0.02736590438817089 0.06698136046602242 0.09920872555996842 0.09826340518941559 -0.0562889275688607 -0.08690007925012128 -0.02218920003963675 -0.03847602435603163 -0.005611582313889703 -0.06373517485114466 -0.1744121650247917 -0.2794406810013214 -0.2130918203830364 -0.04217106519888127 0.05244035997859853 0.0006787930903426552 -0.0003765525847329246 6.480202656257102e-07 0.001405550463801827 0.004883389373016941 -0.173579413522191 -0.6234113068470634 -0.9622603443301209 -1.300836437253801 -0.7655497869935654 -0.8529488083900134 -0.08390178944401804 0.3432761886064181 -0.1129615074491441 0.002785530923107962 -0.5335568800324972 -0.7211285166522009 -1.093214332249874 -1.500498583462476 -1.441510735399801 -0.03137830110501164 -0.0173341088977936 1.433307929122527e-06 0.007116283400476772 -0.05183795304234739 -0.182219255724928 -0.4965034089537839 -3.067628380705771 -2.323985635600553 0.01175670520383006 1.413794911905205 2.098276650330386 -0.0110430756972127 -0.5141905351493343 0.1417010427850904 -1.031145961152975 -1.119920244153009 1.82616716750687 0.1411978476269173 -1.337050943691347 -0.2367869486205192 -0.03894827085482489 -1.663373446600697e-05 -0.01563603025700983 -0.1371210165294804 1.578498200164155 0.05610040856195435 -0.8055237859222055 -1.493512715011652 -0.8826183733211459 2.341043290150804 1.545936333506835 -2.126367623942831 -1.296219949997921 -0.1077774232247532 -1.594969740443053 -1.696011413944978 3.927766592604354 0.9096344114340309 -3.268901280066493 -0.6792032661772202 -0.04565023470853043 -0.0001591350551907732 0.01471561968037396 -0.8344938271438336 -0.375824088803162 -0.6222492304631374 -1.423569771323298 -0.609811434805588 -1.065916346029782 -0.6618288183042211 -1.201829537857553 -0.9876376762557574 -0.6684715177509171 -0.1975830030313965 -0.9229849445374706 -1.875251621850711 -1.908644488939488 -0.008442047099134105 -1.8123949202617 -1.128106170836075 -0.02936229574994457 -0.0008522938235641118 0.04913998350969012 -1.627060025601093 -2.784308898715169 -0.8837583030320683 -1.095611527960463 0.04981259712057456 -0.8330446798791978 0.7824856238979558 -2.236525927433174 -2.265243918152255 -1.240548577756824 -2.452572852928643 1.423292843495805 2.256120205161664 -0.8521977646497998 0.01068467876840622 0.03661064628301555 -2.548252664867844 0.00196507441806756 0.02090066986585087 -0.2579186684058972 -1.277688595220377 -0.5480122602956731 -1.916543969300073 -1.42740857672355 0.1007494736024458 0.05195464007009668 -0.3894420549399604 -2.146551942692947 -0.4298252828208987 0.6625237994168953 -0.8772920702511908 -2.057843062326292 0.5268815080400786 -0.08111987447115425 -0.9705352986251214 -1.62445697566255 -2.993400472207492 -0.4475674453119536 0.04330797070972309 -0.4919763591883723 -0.2439137102332239 -0.7289352777039766 -0.87574012705286 -0.4043277635988877 -0.2542316024396324 0.2047347200809251 0.4912736744518003 0.4964274632017776 1.080980856034276 0.6480961796702222 0.9664023222350969 0.7067878330673854 0.1951725622295768 -1.420005809566049 -0.2033741295815649 -0.2817378225515341 -2.205885888623675 -0.1265354503095417 0.02846390983346539 -0.2733240681324346 0.7655153122415224 -1.427294408747794 -2.431553576697221 0.3847335536761745 -0.4008038341055563 0.591426744801764 2.980177381773248 2.987686342992843 2.11272830507798 2.418387859026454 -0.09451841927879454 1.351050300399925 -0.07020568579308936 0.1564016334232467 -0.2924926887155507 -1.56815347074317 -1.689398316706693 0.04984390904359261 0.008343698567322243 -0.163620788007996 0.5078141456508163 2.247974197983359 0.6183993719255173 -0.5800775993533847 -0.9928432294255503 1.922749311525355 1.360652964285465 0.5118297404425831 -1.029517042484427 0.1770510304976368 -1.936615351299616 -1.178222025295187 0.6620497527008147 0.8737923302659405 0.820968621658771 -2.812934678296079 -1.878561476012302 -0.05338258227736426 0.02216578687372289 -0.1883781191691392 -2.361243396141009 -2.861386509092152 -1.563836512725118 -2.116807820423937 -0.4720798960958686 0.04781497234280853 0.1436129720493233 0.1259532695263875 0.9480696565238738 1.246624834136862 -0.8873593985496349 -0.7574712915225549 -1.274750301349332 -1.303125706303689 2.247947298155422 0.7382212211125416 -0.9104967083170605 -0.1183061844785729 0.01752391934882425 -0.2419999941863765 -0.9042925316213229 1.559790150311448 0.6821858912149285 1.90588102666698 -0.9411112207371544 -1.294897334195247 1.329930282847782 -1.393213836456775 -1.261840751561546 -2.50019931616412 -1.329249893532309 1.316453732236229 1.656093402323007 -0.8969201327292624 1.210040441225665 0.3222750602641323 -0.7804860752313246 -0.03853276381552756 0.002501797214059757 -0.01614406796072916 -0.5463517367293907 -0.6211317725699826 -0.2109429037767646 -0.610179109102715 -1.105156843673426 -0.7405742624068662 -2.369480233435768 -2.118488768112122 -1.076413289763495 -1.968094991279396 -1.375686657996564 1.911770412420468 -0.9101544703415517 -0.2961400542944994 2.203162122037894 -1.263236215870641 -0.6918166652748828 -0.04151387857293906 -0.0001625633148742303 0.01747827067544001 -0.1635969726982172 -1.220862110333305 -1.171255567489365 0.9787137087921797 -0.34471801985805 -1.484719933414166 -1.231263681788415 -0.9218264881450637 -1.298038282789832 -1.690761418558784 -1.591854222214685 -1.4233436600014 -0.652887242425904 0.5251691957681034 0.08486767654712188 -1.45206489839852 -0.01590558100544524 -0.008470115796378033 -1.223007275896563e-05 -0.01225933743510683 0.08505569521780428 0.6887779440952875 -1.057493906878104 -1.042766711376359 -1.213299874970024 -0.9679227308125574 -0.4530252180314314 -0.311686649553634 -0.1791786618271367 -0.3189297763809483 -0.8904626498525404 0.3032448748166856 0.7957013076789503 0.1026880215528355 -0.6310656870133616 -0.4416524521196201 -0.01231825696384278 -0.007035751337689605 9.228500321481226e-06 -0.005958838899060082 0.04102067221211585 0.3631600606838279 -1.00975091660778 -1.405774913933696 -0.709893883768661 0.01750270624732204 -0.007517985896702027 -0.2669932232652527 -0.0385643144233538 -0.1149808950822311 -0.3254727392822921 0.547187423186753 2.464377637297583 2.709984522599753 0.6347035383043446 -0.2268034991078621 -0.01329917690822375 0.0002241087263273786 -3.228642464687121e-07 0.00076192772822022 0.00281608675136321 -0.09648710547018453 -0.3794441021328381 -0.1388966345087331 -0.1635674688596613 0.6621049339335596 0.502105335909708 -0.1300560786086508 0.2643800245979241 0.03529537614412655 -0.1033242792621147 -0.0007280847907483141 0.5245571189874276 1.740247727270109 0.458020290525317 -0.04650494237742651 0.0007664771077299989 8.973665848459526e-05 0 -4.357473208590923e-05 0.001084680346698637 -0.005973645827156445 0.01014348999223555 -0.004761667565346889 0.00623417172404563 -0.06296066278073106 -0.05564358580554494 0.004424251136880075 0.04705905321269419 0.001600917390344082 0.0654046055121614 0.3358605510421012 -0.01412494617078841 -0.1587805398886633 -0.03975688875270438 0.004922279300004958 